100
2
3
71644825 -70114793
-93286227 99058447
-26172379 -34262343
-40082323 -62543074
97694986 -72486662
81650134 98821483
46395715 -76662536
58509126 13258777
-91468401 -92001370
-74848875 -41309816
-37545567 35655277
61603172 -92876805
50658074 -46624926
92205051 74452024
88260488 46281615
12613994 -40825922
20583634 58179802
-25323751 -98255503
-57141780 87405367
13444689 -8664697
-25409480 -58263789
-42202153 -9646089
-72563138 -75103727
1985959 -74037895
-3637208 -7670089
62061472 -28993222
-88336362 95885885
23325926 43942632
-66492233 1612049
-78847234 48187279
-21300556 68749210
66032631 -2924337
54981787 -48382926
89132063 -81328931
-87699111 77506521
-38824024 -22318012
-78581005 -37510673
-72887635 2039357
-25382029 21711401
70640242 -2066108
-56337874 -630304
-4632747 -43760886
79898778 -28333688
88393455 83488429
73955674 -80833035
63512359 70450686
-54060320 43382080
95723485 -34284068
-56136978 24087031
1859295 -27536433
71798626 84727068
49505059 -41047502
83774738 -12951017
-84984272 -38515377
-91383158 -15321217
7686853 -28128855
-82232632 -43364726
52251235 92713644
-15529299 -42923498
75942977 34011371
6201629 72564235
23172106 -61648200
-28896771 -62518271
-33796433 99981457
50691111 44680614
-29470837 56923607
15006828 56640927
7213257 -2827319
-41126533 -62866856
36774922 32477149
-75596691 -87352295
-70566285 -58971971
68428764 -57055160
82665285 13322702
60097331 -82946911
3285188 2440146
59957580 25641184
42033050 -32511538
48505445 -96918087
82612186 93467291
-69250252 82995233
44141875 -28374660
72056873 -8684842
-70055442 -21214160
16706409 -57544852
21795530 -99128843
93835111 93187808
-29297042 34375061
-52043501 36279761
-71435563 67852742
-19886838 71516698
36274717 63469196
-46605208 -58972521
371734 -56634511
44788454 42365729
-99846483 60777963
-12985021 31159096
-94771752 -69970737
-2563093 -17452305
-35722509 -84450831
