1024
4
5
-98 42 97 -27
96 -47 49 -69
44 -89 92 81
-60 -49 -15 93
-48 -15 2 -16
99 45 -82 -75
-53 -56 32 -34
-7 -90 48 -16
-75 -3 -75 3
97 69 51 44
-68 -89 27 69
19 -89 -19 -48
85 62 99 75
-24 35 30 -32
26 36 16 -97
-35 30 -34 89
13 68 22 50
50 -15 -58 24
57 68 24 -61
-99 4 28 -26
-55 -18 51 -50
96 -25 12 39
-43 -16 29 70
-56 -33 16 4
-80 12 -40 -98
42 19 13 -9
79 -33 -100 3
-50 -65 6 -60
-18 -33 70 -9
-8 64 79 9
-85 97 -53 27
9 18 72 -74
85 -95 2 26
83 -68 -23 56
31 66 46 -55
-23 72 -9 8
48 73 -98 52
47 74 87 -35
30 -71 -63 -10
56 57 -71 98
61 76 32 70
-37 38 -21 54
3 -56 83 -100
51 22 3 53
-14 -77 11 52
17 -39 -47 68
-66 -56 -36 -7
75 6 13 -46
-95 68 -36 51
-37 -49 69 79
-99 89 -32 -96
33 -46 5 -18
81 -64 45 -69
-100 87 -16 43
34 -26 38 0
44 44 -21 -23
49 9 -20 -100
74 -6 92 10
-96 12 -14 62
-15 69 8 28
2 -65 -31 -56
11 56 -16 29
-59 49 67 64
51 37 13 23
35 -67 -93 -65
48 6 2 50
-46 25 -32 -92
32 -65 -65 -59
-32 -11 -96 -93
14 -52 -48 32
-95 14 66 -68
-82 16 -69 -5
-4 -41 26 -64
-9 -39 44 -95
-94 -9 -17 -86
-51 54 39 86
24 -38 -49 -15
13 23 -98 -78
-90 73 -50 -59
2 -90 13 11
100 -50 -93 7
-78 -78 21 -27
59 -42 48 36
79 84 -85 -86
-57 81 90 55
22 7 -44 -40
67 20 -35 -95
51 -54 82 88
-12 -91 -85 74
-52 4 48 -51
11 -45 -8 74
-55 62 91 -37
20 10 -68 -22
40 33 26 -84
-57 -50 -63 87
-33 6 76 47
-17 47 -68 42
-21 -60 -42 58
-43 96 -86 -32
82 83 -75 -94
-98 80 -17 69
26 -94 -96 82
-57 40 66 28
92 93 42 -53
27 94 88 -98
-88 80 -80 39
-10 27 -26 23
-96 -13 -73 -75
14 17 -30 -85
76 64 8 -88
2 -75 -19 -96
58 34 98 42
72 -94 4 7
11 -74 19 -74
89 71 -53 4
43 81 -90 -12
47 -86 -54 40
20 -15 -5 74
-56 -95 -77 -19
35 3 86 25
90 -71 7 -86
86 75 66 7
-78 -98 -12 9
50 -98 72 -14
-51 19 35 55
-5 14 66 92
99 40 81 -62
90 79 -88 17
-58 -27 -88 -24
74 68 32 22
18 30 29 2
94 -89 25 -29
45 -4 95 50
69 91 -60 36
7 -32 10 -45
1 -76 -79 40
-83 -38 25 39
27 86 5 -39
49 25 -97 9
45 -23 -14 66
-51 -34 -46 -61
3 -54 -41 40
-21 -49 -96 39
-61 -14 10 22
49 75 34 62
41 21 6 17
-22 -1 70 25
-11 -100 96 25
84 92 47 100
87 -40 74 -66
100 -73 61 28
69 -88 -11 -79
49 17 -71 -78
52 27 7 -12
79 68 61 -96
69 31 5 36
-59 63 93 -6
-72 -84 87 75
86 58 -91 -70
-87 -2 23 41
29 -77 1 96
-62 -99 -85 60
-29 58 39 14
-95 -94 58 4
23 -22 68 -53
-14 71 19 -45
98 -32 -17 7
-89 -8 25 3
48 85 -38 76
80 -62 28 -56
-80 -25 13 -9
38 -29 50 -49
-94 -45 -43 -80
25 43 63 90
-61 99 -45 -96
-46 42 -50 49
-35 -86 9 83
-57 -86 -17 -90
41 32 -93 -3
-65 61 45 -40
37 58 -49 54
-94 84 86 -71
21 3 19 -75
39 6 79 -60
35 0 87 81
-70 26 -6 -50
95 91 52 76
-55 -64 -44 48
-89 -91 -8 -95
5 31 -96 -98
83 57 90 -6
-75 -30 38 82
-5 72 43 -66
-82 18 96 -28
38 6 -30 33
-80 -20 12 -19
-37 -90 76 19
95 96 -12 16
-35 -8 48 58
-70 -39 73 -61
52 63 -63 -57
-97 -4 13 26
-6 -24 -42 -67
32 -10 -21 -70
21 7 99 60
-43 -68 1 -17
-68 -35 -53 -81
10 -96 -85 25
36 -49 50 -86
14 -25 49 -88
-2 79 -20 -94
-66 -66 1 91
76 -7 -21 72
0 -56 14 -52
27 46 8 6
-49 92 -42 -24
60 -10 -76 68
-3 48 71 -21
33 -56 -58 -22
-23 85 -73 82
-94 -22 -70 5
5 -53 -97 55
29 5 65 61
-45 -44 -29 90
-38 -62 -15 28
-13 23 77 0
66 38 1 63
-54 -39 -63 60
18 -75 42 94
-74 86 -72 -96
-16 -32 11 4
55 -49 55 61
18 -16 -95 -73
-68 88 -98 70
-40 -21 -90 90
-32 -37 -24 19
-30 -81 -28 -43
52 -78 86 56
-94 -88 49 89
86 56 -51 39
12 -1 38 -9
67 56 -90 -49
-43 46 64 40
-74 -15 -5 32
19 75 -29 21
12 5 -26 -9
-21 -19 -56 -6
19 -14 -26 -5
67 -90 25 86
-88 75 60 -89
66 -85 28 7
75 -91 -33 -11
-99 84 33 2
76 -14 -92 39
-64 -1 74 61
-11 11 -23 -42
60 -49 -63 -90
-57 49 -83 -26
-94 41 -85 90
-97 -11 53 -90
75 -82 24 95
-89 -15 -50 81
53 14 -17 -55
12 -11 33 -26
18 -68 44 -56
5 -73 -39 64
34 -34 -48 45
16 -82 30 -26
98 -98 87 97
-42 67 51 95
-20 54 26 -6
-39 95 73 48
33 -16 25 33
45 55 -66 60
-60 22 25 -26
-77 -57 97 12
47 -67 24 28
-7 95 -66 -99
-67 -86 30 -80
-67 -39 -69 -76
86 -83 16 -27
-82 97 6 68
26 -17 46 -2
62 -84 -3 -99
35 50 71 -60
100 -60 82 19
-25 9 -14 88
68 -87 71 75
73 20 -10 19
7 -12 43 61
-25 -70 -63 -37
-55 -42 -17 72
59 -52 59 15
-51 75 77 25
100 -66 24 -38
9 46 -52 -37
42 75 -62 64
-78 -53 37 65
-5 -19 59 4
-78 75 99 3
-74 -23 52 -41
-97 7 -2 34
37 -53 34 72
68 -43 -89 11
-31 -30 56 18
-45 -34 -76 66
91 43 -71 86
50 -82 -93 -30
49 93 69 3
42 66 -83 -35
33 16 -30 60
-79 1 24 22
-13 73 -69 -66
-39 -46 -50 -22
-26 46 73 33
-47 35 -18 -82
-53 -2 80 55
89 -3 -84 24
-55 40 -8 4
-79 24 -45 64
-31 -56 14 92
81 52 -13 43
-71 -58 80 -77
-97 27 -24 -28
-75 -78 34 87
85 94 43 -72
-88 41 33 -68
-84 97 99 76
16 -99 84 -16
-41 -13 -93 -52
-37 -71 85 41
98 19 21 39
11 34 -89 97
48 -95 -72 86
-82 46 -3 22
52 -22 40 -52
-68 -28 -75 58
17 37 -60 -85
-56 -88 52 61
-67 63 72 -99
-48 -86 97 62
-73 -91 5 -44
44 -54 -22 51
44 -59 -84 13
4 -80 70 -18
2 -92 59 -59
31 -81 80 -89
-51 89 -45 -82
-43 -40 -88 35
78 -37 -81 -49
-17 -8 4 -17
-32 -13 82 84
-46 -57 -60 3
16 -89 -77 74
-91 4 -50 -51
54 58 37 -71
-2 -50 -73 90
71 82 61 43
23 76 -52 11
-11 -6 77 8
37 -22 -39 15
55 -31 13 1
-73 100 28 -97
-20 -61 -1 -31
89 -44 -87 5
7 -100 2 -34
-59 -74 -29 3
18 76 63 96
32 -80 -86 -10
-70 61 -22 60
-40 3 -25 27
96 -61 85 -31
96 -16 -26 -1
87 -11 48 -74
10 -33 71 86
-48 80 15 40
-24 31 31 72
-68 28 -31 -19
-85 23 41 -38
-5 -14 -45 86
-7 -81 9 94
85 -60 31 -83
-84 -81 40 -14
63 -50 -62 -87
-67 69 -27 97
-73 47 -86 -69
-36 73 -14 -30
21 -9 31 90
-81 -97 -24 92
-20 94 -26 -53
-19 98 42 30
16 16 -48 85
40 77 -76 -100
-89 -87 87 -12
-82 65 10 42
-16 7 -81 63
-54 100 13 87
79 43 -32 8
-93 16 74 12
-75 -76 42 -57
94 -5 24 33
-84 83 18 57
84 -22 67 -77
-68 66 9 80
17 -88 82 -97
-84 15 59 -12
-96 -59 63 -68
73 19 10 -15
-54 66 58 -96
68 86 -86 33
-23 -86 30 -34
47 75 -81 65
46 77 99 -21
-56 9 27 -41
16 52 -23 34
85 -36 41 8
-59 51 93 -56
-10 88 -22 -67
-78 -70 89 74
22 -36 -57 -5
-67 59 14 56
-44 -51 -86 20
-6 -54 -78 -60
47 54 68 98
54 -75 -31 -80
39 -77 78 -73
-95 -7 -53 -22
-62 85 -81 76
-13 39 77 36
50 94 9 27
-93 71 66 14
1 -88 34 -9
-52 -73 -1 -28
100 47 -82 -71
6 -77 -60 -31
60 33 70 94
-10 25 29 -34
36 61 55 -66
-58 -62 -17 -24
70 39 25 58
87 -46 77 88
32 -14 -97 -42
100 -78 45 -80
-43 17 9 52
-91 -12 79 88
63 -4 -47 83
93 51 88 39
-44 -71 21 40
98 85 -66 95
89 12 8 79
88 -24 -45 -39
-76 -63 78 -94
-92 99 -68 82
-39 -44 -82 3
-33 -54 -23 -41
100 -52 15 66
-31 -49 -99 -35
-98 -72 10 23
87 92 92 -60
-54 41 -53 93
9 -12 86 -51
-80 -29 30 -54
-67 -21 94 -48
-11 47 88 61
-27 24 -37 -70
29 92 -26 -22
61 68 -9 -33
6 24 -21 43
49 -19 -29 -59
-58 -47 -17 -23
49 -92 -88 -60
-53 12 69 -20
-62 -71 -40 72
-18 56 -62 -13
89 97 98 -26
66 46 99 5
-97 100 -98 73
-25 88 -95 7
97 32 36 61
-66 20 -88 -93
36 22 -66 -74
-53 41 -1 3
-95 9 48 -71
31 -46 -82 -24
-84 -57 -14 -49
35 -52 -54 -66
-89 -8 -94 93
-93 -33 99 -75
66 -57 59 61
46 40 -14 -11
-52 -21 -58 70
-95 -18 11 84
-59 85 11 -10
-64 -88 -80 65
6 6 72 23
-32 -82 -27 23
-76 4 19 -13
81 39 68 56
-61 77 -89 -55
50 -35 59 76
-3 4 -81 38
-17 -62 25 3
17 52 43 99
-1 48 -34 -64
96 -92 63 -46
95 8 -40 77
61 -61 44 -20
56 -38 -11 -93
-10 -84 -80 -19
55 70 -7 -89
21 -88 100 74
22 21 23 -65
-63 77 -45 32
21 -38 -28 -98
-6 6 58 16
5 96 -53 75
15 54 -29 -26
-88 8 -29 -60
-73 -55 53 -5
28 -30 -25 94
-88 34 -70 27
-79 3 74 0
3 -9 100 -77
19 13 10 53
47 -76 27 53
33 -96 -92 60
-6 17 -77 42
59 0 -54 70
84 94 11 20
-93 -87 -37 40
-66 -3 -41 -74
17 -16 9 -92
76 -94 39 -81
-22 9 50 50
95 56 99 -83
74 5 -72 -76
-65 60 92 -47
-100 -1 -97 76
86 -59 14 -68
13 -80 -37 79
90 56 -15 -16
-11 46 -90 55
94 -88 20 43
-38 60 -32 4
-50 -100 26 30
22 41 1 -2
-19 82 22 -62
-93 50 33 -76
64 98 35 -27
99 14 72 -67
-50 75 90 43
30 43 -83 32
51 -1 -20 36
97 41 -24 38
93 -8 4 -10
38 -56 -16 17
21 98 -56 55
44 -43 88 19
0 15 78 31
-27 29 40 68
95 -73 -86 78
100 -36 -6 98
-33 -77 2 -86
25 9 -22 -25
84 -57 29 73
-36 -100 -87 80
-94 16 4 -49
-25 91 66 24
4 -63 -2 94
77 58 -21 95
95 65 15 -16
23 -28 -9 -93
76 -22 93 -94
53 15 87 -77
88 31 -35 -38
63 56 29 -1
-50 -96 -35 15
-30 9 -81 74
-59 -49 -29 70
33 30 54 57
-89 -70 6 0
-69 -45 36 -70
82 72 -53 -92
-57 -7 -83 -86
-70 -77 59 -100
74 16 32 -72
-94 28 -1 32
-77 -61 18 -47
-32 -5 -75 61
25 47 52 -35
41 9 -35 -43
-94 61 -83 -64
75 -80 -91 -37
-75 -36 93 -18
-28 60 26 33
-80 69 64 -33
70 63 -25 37
10 97 44 76
84 -84 -67 5
-9 -11 -48 32
48 -54 14 -20
-23 -93 76 68
-65 27 -51 -52
-79 -60 -65 -89
59 -79 40 15
74 75 65 -15
3 98 -75 38
100 -18 -99 -23
36 87 -21 88
-68 -91 68 -70
-85 80 -39 -41
-60 27 20 -61
-20 17 100 23
-68 -32 -45 -39
-17 68 -2 71
-96 62 8 -75
-23 -13 92 39
-7 -79 82 78
30 -93 -74 49
-86 70 -28 38
-54 -84 27 40
56 28 32 15
-62 35 -28 -97
-25 33 66 -42
34 3 -45 -53
-65 45 96 -100
29 -75 33 -26
-77 -97 5 -89
-83 44 -9 -51
-56 32 -32 63
38 -50 40 96
37 -5 26 -83
29 -92 -94 -70
44 4 87 -55
61 -64 -26 -67
56 58 7 -50
-22 70 -57 -11
-47 -81 -55 6
-61 -41 -74 -87
-54 10 12 8
-46 -58 -49 -48
-8 39 55 -92
-62 95 6 23
-36 -67 -59 -45
40 71 82 -5
11 83 -32 -26
67 -63 16 -86
-9 -78 12 33
86 -97 51 -73
4 16 -84 91
1 56 -68 -42
51 89 -59 44
100 -73 -37 -51
0 -90 -61 -82
13 -94 16 7
-13 51 -74 7
-58 9 -95 -42
-64 28 -47 -65
29 -78 -80 94
69 18 60 -4
92 -48 42 -84
-98 -83 63 66
71 -14 88 -74
-50 89 42 -11
20 -42 33 34
-94 -72 7 99
-42 -88 -20 40
7 -23 -39 11
78 17 -23 99
-51 -60 40 31
-82 95 36 62
-95 -93 -44 -94
-82 36 97 -40
-35 9 94 60
-70 -31 -91 50
-26 -49 -64 -65
-50 18 -40 32
47 31 -74 47
0 -72 -35 13
-72 55 23 -52
-58 75 -69 -21
-98 -15 99 51
89 -25 -46 80
-33 55 75 -84
0 -37 -89 49
0 5 -5 100
-85 -89 77 68
99 71 39 68
-2 -81 51 -47
49 100 53 -26
-70 -20 -55 -42
0 -48 -81 50
-90 -49 -39 51
45 -89 99 -39
95 -47 25 -85
-42 7 96 -53
-31 -64 -74 98
17 7 91 42
21 -36 -98 97
-23 -10 35 76
-40 -73 -100 -7
1 -71 -64 81
-10 78 -1 6
-29 74 -35 50
100 -44 6 15
-73 -9 -20 79
-40 4 -96 51
-69 -62 42 67
47 0 -57 -7
-85 83 -74 2
-74 39 -40 82
-100 -73 -43 51
13 11 -83 41
62 -81 -27 43
20 29 94 6
-41 14 90 -41
75 -78 78 44
56 2 10 70
-82 37 83 -39
-28 -89 63 58
-63 36 -4 66
-51 30 -55 51
-50 -53 20 48
61 63 23 95
-5 61 32 -96
41 -72 -49 65
97 -15 69 -44
-24 43 5 20
-77 38 50 -42
84 -27 95 93
7 -99 -12 -85
92 82 -75 14
-91 -97 79 4
77 -51 52 -48
-76 -58 62 94
-36 71 60 -3
-78 -70 19 -61
9 -64 76 -81
9 -89 56 -83
63 98 -62 52
57 43 -73 -42
9 -65 68 -97
-20 48 -25 15
-93 81 -15 94
-6 35 4 -42
71 11 -77 33
-98 46 27 22
92 3 35 92
54 -54 38 -91
-97 -16 -19 -42
20 25 -17 8
-47 -58 6 -30
-32 -46 13 -77
80 -23 -83 -26
97 94 -15 -64
72 -47 86 87
82 19 98 34
9 15 96 -1
-21 78 -47 38
6 -81 -12 -33
-32 -9 -5 48
-28 -54 10 10
94 -78 -86 -71
-20 -22 7 50
-48 -47 -88 -68
42 85 45 91
64 -56 -53 67
99 -78 -46 -34
-12 44 51 11
-6 86 66 46
-29 -66 84 -8
-20 20 -77 -21
-91 11 -18 -63
-46 89 60 -15
-96 59 84 41
-71 12 93 -1
21 90 -5 40
-97 -14 29 -32
-65 97 5 -35
-94 19 -96 -23
-73 -45 100 -12
60 -83 87 -77
-60 -74 22 24
7 68 39 -2
95 71 -54 16
-50 70 -98 88
-66 -47 41 58
-100 -38 72 52
-66 -72 57 75
-37 69 91 -5
70 -48 49 -70
18 25 72 58
30 30 -10 45
-18 -88 18 -41
-88 -65 -54 81
-36 -32 -81 65
20 61 1 65
63 -55 93 81
-79 -32 -57 -46
-1 3 89 -88
87 26 -3 20
-77 -40 46 -75
-17 -86 -3 89
-66 36 34 51
18 31 -26 -8
25 -94 -33 -74
47 97 -18 7
5 -10 33 -42
98 93 31 -32
-33 1 68 99
43 -56 -38 76
15 -7 25 -45
57 -47 66 83
-31 18 -67 -19
4 99 -28 27
-66 40 -52 -33
40 95 12 -11
-73 -4 43 -72
19 -20 84 69
92 47 -51 100
82 17 46 81
-75 -1 -74 -80
16 -80 84 47
-29 85 42 38
7 -9 84 -56
-14 -62 94 61
47 40 15 91
-28 -15 70 -32
100 69 8 -35
68 -21 -94 34
48 -72 76 4
63 58 24 11
26 29 -7 -5
-88 -78 -99 -71
56 -61 -93 71
88 72 -74 -22
-84 51 38 -59
-59 43 -61 62
-17 -44 58 24
-79 85 98 98
-6 95 -40 19
-10 17 -2 21
69 -72 -83 -66
-10 47 52 -60
41 27 31 67
7 -6 54 57
-87 -49 -96 23
-13 -50 -28 46
54 61 -40 69
29 34 -57 -6
42 -7 -25 -83
55 -100 88 -71
42 -59 21 80
76 -71 -61 66
-41 -98 80 -2
-78 74 -10 37
95 46 23 -84
36 -5 33 -63
-78 -98 28 -17
-49 31 35 41
-93 -1 85 -75
-27 -45 -30 -35
-96 100 -70 -32
-89 -11 49 19
-71 23 -73 2
40 -52 -97 -64
15 75 -69 18
-83 78 -60 -10
-18 28 -41 -40
-6 81 -9 -87
-12 49 -83 38
34 57 11 -9
16 -67 53 72
-61 85 7 53
72 -52 7 89
45 -74 49 -2
65 -85 -39 51
63 -75 -34 -11
-12 34 23 52
-96 88 -17 85
88 5 -6 -96
-7 68 -86 -37
76 -10 -52 -87
79 56 -10 32
-22 40 -84 15
-14 -62 -37 40
-95 72 -49 53
28 -65 43 -15
80 -24 44 95
81 -40 -93 -74
-22 47 -79 -68
-84 -78 -62 21
-79 -80 -95 77
-87 -67 -4 32
51 63 -58 88
19 -88 -53 -4
9 2 -99 20
-8 26 76 -4
1 -91 -26 -9
-57 -81 -12 99
46 -21 -58 -9
-72 27 -13 62
40 40 6 66
-71 -20 -76 77
91 -34 -78 75
2 42 -37 61
-98 -26 1 -40
52 23 -30 33
-99 23 -10 11
94 67 -14 -41
56 93 57 -35
-39 27 -73 -75
45 -42 33 61
92 0 46 84
-29 58 -93 42
4 -53 93 20
68 57 -46 71
-42 -97 25 -12
74 -95 88 29
-95 -86 74 -28
-23 -78 -19 -50
54 -90 -5 6
-42 13 -2 73
36 33 -17 -41
-27 24 54 69
-38 88 -93 28
-45 -54 -74 45
46 -84 -61 -96
9 49 -30 18
70 10 100 -30
-83 70 -32 -74
30 1 12 -27
21 -26 -11 -57
29 -15 100 67
61 13 55 -23
-9 28 73 -32
-12 -100 64 -98
-16 17 43 92
25 -100 -6 69
29 -58 -98 -74
-85 -47 34 21
53 -32 10 -16
37 6 18 15
-42 -10 -72 -32
-6 79 36 33
56 -20 53 67
29 26 33 -50
30 82 60 53
20 99 43 -17
81 -17 36 30
-72 -26 -69 46
46 -25 -80 -76
-22 -90 -25 -33
-38 -89 55 99
17 63 98 78
85 58 -39 -31
19 -1 -32 8
24 8 100 91
42 -83 -35 -96
-74 -49 33 -31
93 27 -30 -54
9 -83 46 -80
-3 -50 -77 22
27 -94 85 12
8 46 -19 38
96 66 72 -47
-33 -66 38 -27
-43 61 -83 -1
-28 5 74 9
-62 56 -34 43
-44 29 -95 22
-26 76 88 -87
-20 -65 -31 14
46 41 -23 57
-40 3 -71 38
-77 -16 -38 -15
-50 -6 5 82
-29 80 92 17
100 -87 5 -45
-54 37 -54 -33
41 28 -57 -90
28 97 68 -53
69 -69 -74 36
35 37 72 -38
-96 -51 -93 94
18 -49 -12 -81
-18 60 -11 45
52 14 -55 13
-91 75 51 -8
58 -57 -100 -52
10 -1 -31 -33
-94 75 36 6
40 50 29 -100
94 94 79 -16
-20 -4 -4 -24
-64 -72 46 30
-27 46 51 61
57 61 69 -73
24 -92 -72 54
76 44 46 -36
84 -8 -67 -63
-27 78 27 10
-25 -6 83 88
-96 -62 -17 -69
91 -75 -13 -23
-23 64 -51 49
-47 32 84 -47
49 -87 48 -5
-90 -72 50 13
65 88 39 -6
80 -20 82 5
90 -48 16 -31
68 -16 10 -34
44 83 -47 0
99 11 -71 17
83 75 26 59
41 -30 -13 -93
37 -90 55 -14
79 -28 71 94
82 -52 -18 -76
18 30 -97 -4
-99 88 -58 57
71 -95 82 -9
52 15 -79 -2
