1025
4
5
40 -90 15 -70
10 87 -17 -68
0 76 -88 -84
18 -96 -46 -25
-80 -78 63 -82
-15 35 85 -96
-66 -99 53 75
-1 -12 -22 -21
21 -15 -4 -42
41 -68 91 -92
-35 56 69 -87
0 10 -57 -92
-71 5 -14 -96
-58 22 69 66
-78 84 55 -29
-57 -10 -96 0
89 -76 67 84
100 34 -85 33
99 -8 62 8
-71 -55 -35 45
99 -51 5 16
7 -78 -54 -88
-16 9 89 56
6 1 24 54
67 88 84 8
-67 20 68 33
40 74 -49 -94
53 -1 -23 0
-53 29 -45 -32
50 68 42 81
73 -71 -99 44
1 42 21 30
-69 90 -47 -26
-69 -8 3 3
10 -16 58 -21
-2 -24 38 45
92 -23 -36 19
-40 96 -39 -67
-45 -92 -38 -48
26 81 -88 -6
46 -23 75 -33
77 41 28 68
15 20 67 98
-54 -15 53 10
93 0 74 -84
3 -83 -71 -39
-91 20 -13 62
16 -8 -25 -36
82 0 89 -44
-62 -48 -63 90
60 32 -3 -42
-84 40 15 53
-76 -74 -38 -99
25 93 42 28
-24 1 -73 90
-97 90 -1 76
60 -25 28 36
-47 53 -73 86
-83 -23 7 -37
-18 -63 60 35
15 -15 25 -95
12 76 89 -42
-86 34 -87 95
-25 32 -100 -33
-42 -81 68 95
21 73 31 -13
80 90 -53 96
50 -26 -38 -3
-3 -3 -21 -79
66 -9 85 -1
25 -60 46 -24
17 -14 -64 7
93 90 -76 81
10 -23 56 72
16 20 13 68
93 -59 1 50
32 69 13 59
86 93 -65 12
-77 17 77 -74
61 73 -34 -38
-25 -55 -47 51
25 44 -34 54
98 -56 -69 70
79 45 23 -13
-61 -51 -24 54
-63 67 -69 -61
-84 12 -89 14
9 -22 60 -25
13 50 -71 -22
50 11 90 47
4 -93 -45 95
-54 -1 28 -60
-12 8 85 11
-53 36 -63 -94
-89 -94 31 -70
-96 -11 13 -15
92 -23 -25 73
-79 42 -57 83
-82 -6 -57 -29
-76 -30 27 -35
-28 -40 62 63
81 38 -57 67
-82 66 -65 18
-11 76 -13 34
-63 54 -46 41
49 12 -53 -14
-32 37 -88 -47
49 -32 -72 10
35 -52 -90 -77
-37 32 -88 -57
55 -14 -57 -42
25 -98 -18 -31
97 70 66 -51
-77 -72 -83 -98
-16 6 -60 41
45 -37 72 70
65 91 2 99
34 9 3 63
57 77 -39 0
72 84 -53 -33
-9 83 -1 -41
-10 -98 -42 60
84 -97 30 -73
0 -40 -61 -18
83 -93 -71 1
34 56 42 14
76 35 49 95
68 -88 15 -38
77 -73 -22 -87
-97 78 -19 60
81 74 13 -93
-54 -96 -36 -92
27 -29 56 -53
66 14 -44 -7
79 34 -1 -44
89 84 -31 53
-56 53 16 -14
81 -39 -16 -35
-31 93 72 62
9 67 -77 -78
70 79 39 89
23 -55 -1 -72
-27 -87 57 -78
-61 -17 -60 77
5 57 75 -78
31 33 -65 58
62 95 -51 43
45 22 -44 71
58 -19 96 -43
64 -82 -16 -41
47 -77 -95 14
41 78 70 -54
-8 -50 75 -77
-67 95 91 74
99 6 -82 10
-66 28 -40 -53
-25 80 90 55
-75 -47 41 -18
-34 -79 -54 -16
-6 21 60 -8
40 9 67 -22
-3 4 -85 -45
76 -61 21 -15
63 -25 -47 -47
74 -21 88 -18
-3 -92 -74 7
-44 33 -99 -3
-42 86 56 -43
30 25 -81 -40
0 20 -64 22
98 -94 2 -40
94 -13 -49 -15
-75 -15 35 60
-93 52 13 -58
54 27 -98 50
-39 22 88 31
-72 15 -80 60
3 -80 -41 -66
14 -74 5 -69
18 -50 65 -49
-12 -71 46 -57
20 -76 80 -81
-94 94 31 100
-59 31 -27 22
52 40 39 68
-43 43 34 -69
33 -1 13 12
-99 -46 -71 -67
96 24 82 -30
21 -38 87 -66
27 -13 34 38
38 50 -18 -48
-73 97 -69 0
-20 75 -76 -68
22 -69 -67 -49
93 78 -75 19
-14 -66 69 -10
-81 15 27 -98
-8 56 66 -22
-11 75 30 40
86 -64 14 16
14 100 -61 67
98 -6 -76 86
64 24 10 34
40 -15 -5 36
93 19 -13 93
25 90 -77 10
-15 95 -11 89
82 5 -42 -17
-66 18 68 -22
92 69 72 30
-34 35 -9 -100
-52 -19 -89 48
-51 26 -59 -35
-97 -66 5 79
9 -45 84 97
11 -1 68 55
37 -11 81 42
-23 71 -18 -28
16 68 36 86
94 -34 40 -83
-11 76 25 69
3 -94 16 -94
-2 90 89 65
91 43 -96 25
-100 -3 97 -52
68 94 -35 22
-56 50 -82 -41
5 53 -79 79
19 35 37 76
-58 24 -2 -63
40 56 55 45
-76 -32 -66 -86
-27 -92 81 57
64 -99 -95 -46
-91 -79 58 2
89 98 -94 70
-8 -6 53 -13
-46 42 41 -70
-74 -58 6 4
58 -94 -70 -37
7 63 15 23
72 91 -2 37
-17 -44 -68 68
-5 -88 48 -80
37 97 -26 -29
-7 98 -4 -8
70 -83 -86 40
-49 75 -27 75
5 28 -15 73
-14 -37 59 91
-20 -13 -53 5
-36 -55 -27 -70
-72 -17 -59 66
-94 -89 32 41
2 16 -59 -90
-22 15 -16 70
-35 65 -46 -19
91 -26 -19 25
-70 26 -37 96
-92 -34 -98 -50
-95 5 -72 55
-27 55 -34 100
-55 -89 -66 -48
12 -77 57 68
76 67 65 27
5 -41 -48 51
-8 75 74 13
-18 88 -27 -75
-47 -96 45 -39
52 -95 -89 1
-28 29 -51 -49
-35 -97 86 -71
-57 65 44 -58
90 -32 81 -30
82 33 93 59
21 -44 38 70
40 75 79 -52
-45 -61 85 -50
24 92 28 51
37 60 94 -51
-63 22 -37 -10
20 20 37 96
-40 -27 98 -52
-75 89 65 3
-73 -1 -49 11
-16 34 -57 -94
-45 -13 -58 53
92 36 -13 24
82 69 -13 -28
-11 -27 -74 -72
-97 91 -34 -98
-82 63 -54 -40
-68 -22 -84 70
-67 40 97 -16
-99 -50 -70 17
77 41 52 -90
-95 61 65 -40
15 -80 -45 19
13 36 36 -89
-59 -98 94 68
-70 -94 -88 -48
-27 10 72 -77
97 -4 -68 90
-88 -2 13 -78
-60 42 -27 17
38 -1 -42 -42
-26 -61 2 72
-38 14 -50 -60
66 -89 -31 3
4 -51 67 -20
-38 2 59 18
-64 -72 -5 18
57 41 -28 -98
94 70 -36 -86
58 -25 -46 -36
-60 16 -31 54
-52 -23 -51 -1
16 -14 -20 -67
-15 27 -72 -30
-9 49 93 40
16 -76 -54 38
22 -20 99 -13
31 -99 24 13
83 -13 4 -100
-36 -16 74 -47
76 27 -11 -36
-2 4 65 -70
-75 5 -45 82
-8 14 -22 -76
20 85 35 -69
32 38 -78 -68
85 15 -56 -98
-18 -97 39 78
-52 80 -64 2
93 -74 49 75
-48 87 -73 -6
70 -27 -77 -64
-92 -41 -83 80
69 -32 -46 -69
-18 32 81 0
-36 39 -64 43
39 -79 -13 -13
40 -92 53 61
74 -31 -97 4
-51 4 3 -82
-82 -60 85 69
79 44 20 19
-24 -79 25 -88
1 -51 -74 -7
78 -27 -74 -7
-43 -29 -22 70
-77 47 -4 -97
-55 -49 -90 -20
-87 55 53 90
64 63 -72 -67
11 -35 -60 52
100 36 -25 -4
-29 -18 -33 -95
-44 17 -14 42
-32 40 28 -9
-95 60 97 57
71 -15 -94 -43
-93 61 -59 74
4 97 -70 -99
-76 -37 90 -9
62 -36 64 38
43 53 -71 77
-27 -85 56 1
-23 -84 -32 7
73 94 -41 -76
76 -13 -65 -91
30 85 69 77
-43 27 81 35
7 28 -48 97
-31 75 6 -92
35 84 100 -8
100 -37 -14 56
-98 -79 -70 49
47 -24 -67 47
-73 61 3 -44
91 -57 14 51
-96 16 22 -2
60 43 -84 98
31 64 -40 -91
-40 96 -68 -65
80 38 90 42
-89 -72 -15 -13
-51 -28 53 13
75 97 -30 69
31 -94 -74 -84
4 22 52 -15
92 15 -67 92
-36 5 -70 42
50 -32 55 -24
-87 -56 59 -44
28 90 -44 39
78 61 -67 -6
-68 52 -36 -38
56 85 -91 21
68 -15 -68 62
0 -2 -44 -61
-78 -91 -14 -64
37 -21 53 -33
88 55 79 -15
-4 40 -50 -26
59 -91 -20 -95
-35 69 14 -15
34 -23 -56 -65
-67 -35 57 -94
-32 60 54 -31
14 -76 -38 0
17 62 -11 -1
-39 -94 92 -75
30 -74 -44 -61
-7 14 -9 46
11 -72 78 55
-85 91 46 -12
20 75 -98 55
-4 4 -94 -39
-66 -34 -24 -87
100 -87 90 -40
-7 -50 -5 -21
66 86 -26 -38
39 -54 -29 -3
-88 -99 -88 -73
72 -84 -60 -47
-83 -50 39 68
-32 -26 -99 -38
-84 -9 -88 32
-14 95 48 40
-92 31 43 -18
19 30 -66 52
-100 71 -12 88
-68 -74 -85 59
-72 -83 -75 -81
89 80 -16 -14
83 -24 74 97
-39 38 76 78
-89 95 58 74
-9 53 47 -47
-39 -22 -1 20
99 -51 -23 -38
93 35 84 36
-35 59 44 13
-48 14 20 52
-57 -100 78 -15
-29 -38 -63 -3
-4 43 33 -34
-10 49 76 -65
17 -40 -77 55
75 12 50 -74
32 -74 81 -46
-93 68 33 -77
43 14 16 -42
0 -88 -15 -14
-82 49 -10 26
-18 -80 56 89
63 -31 63 -33
-13 65 -40 -22
-6 91 -9 74
48 -29 -80 27
-5 -9 44 -4
-47 -19 95 40
9 34 75 -78
9 39 59 70
-84 -1 1 46
1 10 -33 7
89 -17 -57 35
-39 -44 93 -8
32 -77 -12 -91
36 -21 78 6
38 -56 -49 -54
-37 13 -31 -52
26 -65 -27 13
34 4 36 91
-6 94 45 -59
-23 93 -14 -66
-17 -33 45 -73
67 -4 53 31
88 -90 -61 46
-43 19 98 -64
-56 -72 84 -25
13 -35 -68 56
26 81 -47 75
30 70 -86 -37
-73 -73 83 9
82 -83 -10 -89
46 57 -18 1
7 87 86 20
-2 -79 43 41
45 12 54 -93
-52 87 -64 79
25 98 11 -1
85 -97 -60 28
-87 94 -48 -37
-79 -79 -62 1
-42 -40 -86 4
-1 80 -36 26
70 -75 -4 67
-92 95 -7 -94
-24 -28 55 -44
-23 54 -28 82
-30 -91 42 14
26 2 18 66
-46 -9 -39 -47
-45 -72 -15 -32
40 -16 74 -41
93 76 -89 -57
85 99 -72 -99
43 46 -63 -37
56 -96 33 47
24 89 -14 -61
-66 60 57 24
-75 40 -83 98
-3 62 72 100
54 -44 -28 90
-13 -23 -86 25
-89 -97 85 -6
-97 -32 -79 -31
-22 -76 -82 47
-20 91 -37 -70
90 -21 -95 -82
-26 -38 -43 100
95 -75 -24 -21
61 63 4 -94
-30 -92 81 26
-85 70 18 -4
-5 90 40 -89
-13 36 -55 -3
-61 -58 -12 58
40 92 90 -87
-66 34 45 3
99 -96 63 48
-78 -39 84 80
-18 -12 4 -94
8 -61 -40 64
60 -66 -23 -66
13 -54 -77 20
90 -93 -90 -76
-82 35 84 34
-39 47 14 47
-50 0 99 -58
-5 28 -6 55
35 47 88 0
-34 -42 70 -74
54 -27 -56 57
62 25 -100 -4
-80 48 12 74
73 57 54 -25
33 90 -71 58
70 11 -63 -87
83 2 -20 -84
-18 -29 -12 71
-87 -78 5 36
-97 61 2 -7
94 -17 -85 -13
-20 -99 -14 4
79 -76 -77 -69
79 40 17 -18
0 22 64 6
-4 -52 94 -21
-97 59 57 -77
-83 -54 70 50
28 18 -67 19
69 35 -42 91
-44 100 -13 -70
-11 -13 -6 -98
82 74 -44 41
-10 12 -25 19
-93 -85 -29 45
-4 -15 -98 -85
-91 23 9 46
-84 -24 62 -46
-96 23 31 -33
57 -69 77 -92
56 -84 -95 79
60 57 28 85
38 42 -10 43
69 -3 -25 -42
30 -78 47 16
-44 77 -34 80
-62 -78 60 -53
7 -95 -36 52
19 -38 10 41
-26 -70 73 -7
6 98 -85 -11
99 33 9 92
39 71 81 15
60 -9 -46 2
68 67 -15 82
-97 -11 -18 9
-82 -16 72 35
-31 8 30 -61
95 -52 -83 83
-65 -7 85 -37
-100 -36 -93 17
-44 19 36 1
46 -68 -81 -82
-76 -58 17 39
97 -20 -2 26
-58 37 -37 -55
30 25 -59 95
-100 70 9 53
89 4 -62 28
24 79 81 -50
-97 75 -90 51
64 63 -86 31
56 7 58 68
-70 40 22 54
97 87 16 61
38 -14 -99 -46
-91 18 -88 -79
-13 -85 -16 30
-80 88 44 -64
-68 89 -77 65
-59 -90 -67 36
72 -20 -26 51
51 44 15 -45
-96 6 -13 30
52 61 -31 -68
-61 88 8 -47
14 -37 56 55
91 59 -32 34
44 68 12 -38
20 -84 62 -11
-85 54 67 20
-98 16 -57 77
60 -94 -39 -39
14 -32 56 66
-70 12 -38 -68
-75 42 -47 -71
75 10 49 -6
14 46 93 -73
17 -62 92 24
5 -30 -13 71
86 63 72 5
-100 -26 -45 -49
-4 -26 -98 5
-98 -40 42 19
-24 -7 19 -8
63 -57 -28 19
-97 69 -20 -84
46 -9 -41 -58
24 -1 -69 -34
-35 -80 -14 -59
74 16 17 23
70 24 -16 84
-16 -22 54 94
61 -82 3 5
-59 59 45 -24
13 -44 -36 99
-15 81 48 -28
-34 88 55 -67
-68 -7 66 -93
16 -80 41 -76
44 74 98 -7
9 -54 13 56
21 -42 -65 39
-94 -94 39 -89
52 -3 -72 -36
-22 27 -8 -50
85 44 56 -14
-65 15 -96 47
-45 -1 14 -71
45 -83 -17 14
54 77 67 42
100 -12 80 35
46 91 -44 -52
-58 20 71 29
-43 -1 -27 -58
-88 -28 -46 -76
-3 6 79 -88
-74 -82 97 22
96 6 -62 -79
84 54 58 77
-34 -5 -92 -39
-77 88 -63 -15
-66 11 -62 -76
-22 -46 -60 6
79 67 -42 -30
75 -8 90 95
73 22 -44 -92
-84 -8 -29 59
-98 25 -9 2
-100 75 -49 55
98 -61 80 -99
-89 0 66 6
28 24 29 5
63 -33 -49 35
-46 72 -96 34
-89 87 -49 -83
-63 -49 62 0
7 -83 -93 61
-93 76 -55 -29
-38 79 30 57
4 -27 53 -56
-71 -23 -65 67
-75 -60 71 100
44 88 22 -37
20 -60 55 48
-60 45 7 73
-79 65 -44 -25
83 29 94 22
-48 29 -84 -69
84 90 59 -31
-38 -45 83 -76
6 -22 56 -4
13 60 -18 -5
-38 -90 -18 90
40 -34 77 -50
-70 -46 28 -37
83 -26 57 -3
66 94 -89 61
90 68 -34 100
-86 -84 84 -76
69 81 61 55
-90 -63 46 19
-47 31 26 99
82 -62 82 -36
-56 4 16 77
-65 26 26 91
-72 76 -40 0
65 -83 -2 29
-42 -82 -68 25
22 41 67 -62
-49 -12 54 -30
-27 -41 50 -72
-23 -23 -86 -10
4 27 -71 -84
74 -47 87 -14
7 -80 93 85
-22 18 83 -61
79 -2 -45 -98
16 -74 72 12
-33 -73 -95 -88
-11 -42 99 1
-61 10 40 -49
-35 -35 14 82
-81 -8 -8 89
-87 -65 -80 1
-36 -12 63 90
45 -17 -81 -40
55 -17 30 -16
87 95 36 97
-15 79 -25 2
32 -45 -78 -15
20 38 -82 -94
12 17 6 -65
-56 81 7 89
-78 -95 30 35
-51 60 24 -15
-6 -65 64 -72
-95 79 -17 -1
72 41 43 87
-91 -53 -50 -6
-10 85 -64 -76
-67 99 84 -4
-77 -24 -98 -6
39 32 -58 -70
-8 90 50 -50
12 58 -95 99
-88 57 69 -16
-84 -20 -3 -96
-51 40 -15 53
-3 63 -19 8
-42 60 -57 24
-67 46 75 -50
57 -70 -62 3
66 -46 -19 11
-54 -50 -63 -52
37 86 76 57
-36 13 -76 -29
-3 -2 80 46
57 -2 89 -55
74 61 -89 54
-93 -16 -14 22
-62 -17 -22 11
20 17 13 61
-35 -69 14 86
34 -65 -30 88
85 -47 -43 -65
-32 -83 46 90
100 -44 47 -40
13 20 93 -2
52 13 12 14
-53 69 3 -37
11 -50 -50 -21
74 85 -38 -30
-67 -39 -27 -69
-36 -20 -40 79
82 -97 25 49
27 41 74 56
22 71 11 -98
-49 -81 -66 75
-48 -55 -53 -24
58 80 -28 -83
81 -92 59 49
81 -71 -73 -85
29 24 98 48
30 100 28 51
36 -31 97 72
29 61 25 -27
100 -26 -51 33
55 19 -71 22
21 -34 -84 84
-49 45 -8 -82
89 4 -83 91
10 35 -79 -68
30 -25 -50 -36
-12 -7 -83 33
-42 -60 -26 -46
-87 19 69 -74
-41 7 93 92
-2 51 76 -47
21 14 0 -39
29 -57 -37 67
-15 0 16 63
-24 92 -78 28
62 23 50 100
82 6 87 -61
61 8 -99 72
39 -66 -80 -61
40 37 -15 -50
57 -55 21 -11
78 46 -38 59
73 19 43 99
39 69 75 -52
95 93 -31 75
63 -85 82 -98
6 38 1 98
-54 -31 43 100
63 86 87 80
11 -82 -11 -56
-30 -4 -70 40
-86 44 61 100
-37 36 -49 -98
97 0 32 98
89 41 66 37
67 -41 62 18
-98 -26 9 -23
-5 52 49 -83
33 -2 22 -36
4 -77 48 86
-40 -99 -42 20
83 -89 10 54
-74 -52 -38 38
70 -57 -6 19
37 7 54 -21
-51 -46 63 67
54 86 60 57
-9 8 20 -100
-40 -95 16 -82
-41 -63 -50 90
28 -14 27 40
-8 73 -44 -88
-75 -26 52 -36
11 -81 -34 -99
-65 1 -71 38
83 82 -24 56
73 -28 17 -59
-84 60 -98 64
57 48 -65 58
79 62 -33 47
-36 83 61 -19
-78 5 -42 88
74 -14 -82 77
-26 63 84 -32
86 -66 28 -79
-69 -97 63 -13
-95 67 17 -2
16 19 -68 53
-26 63 -3 -24
-52 21 76 -83
100 71 17 63
-32 -59 95 91
-35 91 78 -35
-100 48 -12 -32
15 62 14 3
99 -59 -50 10
77 -92 -26 -3
57 -23 49 -31
80 20 80 -49
-59 -37 17 -97
14 5 47 -44
3 -92 23 -75
39 -3 -63 -17
93 61 16 30
-62 -87 -33 -76
-6 3 10 21
59 -14 72 -81
-70 87 -4 100
30 16 -58 93
7 -50 74 98
-64 -58 -71 37
-77 46 -69 70
21 -99 -38 -49
-56 -75 6 72
81 50 -25 -38
-2 -100 21 -28
-60 -98 -98 -91
-61 -5 -54 81
-7 24 78 -99
-87 24 -45 -1
66 -43 25 68
44 33 -83 42
-45 63 -15 -97
74 -26 -13 -68
40 -7 74 -95
-90 -63 -97 -72
28 51 -93 -11
25 -8 15 37
-22 -33 78 35
-38 69 -43 -79
44 -86 24 35
-86 -78 31 26
53 -95 2 -90
29 79 -96 -51
21 -50 -26 71
61 62 2 -87
-8 -4 -29 34
-62 81 -90 97
-39 23 80 -54
-35 -10 32 -97
-33 -32 5 -65
29 -79 8 45
79 -35 -34 -27
-82 33 64 9
85 80 -64 -64
74 -96 74 -28
19 -97 -24 -91
-45 49 -22 -26
19 -43 -93 17
57 26 42 -12
61 -36 60 -20
77 97 -63 17
-84 -87 -5 -50
-60 -43 6 87
70 -96 94 -56
-19 -74 90 48
-46 10 -99 -50
20 50 -41 83
60 42 -12 99
-87 65 73 -67
17 -44 -24 -72
-66 14 51 6
-90 -99 49 33
-70 -34 -16 -82
55 -29 26 -87
8 -26 84 -55
100 -87 -21 56
66 83 -73 -28
1 91 -82 79
-42 63 -74 3
15 -82 100 3
54 -71 -80 80
-42 3 68 -26
71 67 -51 -6
-80 99 10 -6
-50 -16 89 -9
-73 -92 75 -86
54 98 -24 -1
-30 75 98 9
-72 10 -74 52
83 -19 23 -68
79 -12 41 8
46 -30 4 86
14 -61 22 -81
-78 100 -19 82
-53 -20 -54 -77
48 -4 -59 -80
-96 -39 -66 -4
61 -10 82 -16
-67 -81 84 10
-98 29 -39 75
25 5 -5 15
57 18 78 -44
87 -59 30 -8
-39 -90 13 70
7 -84 -65 0
85 34 -77 16
-44 -83 22 -67
15 9 73 40
-56 -80 -46 -67
41 -84 16 -10
51 -17 13 -93
-79 -30 36 33
23 90 -12 -67
-95 -81 30 -69
-45 0 31 92
94 44 -25 3
-14 -58 -71 -69
-42 -51 65 -20
-48 -46 79 -63
82 -52 -70 -99
-67 21 16 -55
1 84 -45 67
-83 -57 60 -4
-69 72 59 -80
95 -70 3 73
-72 -7 -70 -22
75 77 -100 -54
89 8 97 -32
41 -39 -55 35
26 93 -43 -29
-6 19 -62 91
82 -98 -15 80
-8 -19 66 27
-47 -26 74 40
-38 78 20 55
-49 58 -8 -5
-82 -54 16 53
61 6 -2 99
-52 -90 47 -21
-71 12 80 -99
65 -82 -82 -5
91 28 65 12
30 -34 48 -36
-43 96 -43 -63
-5 -16 -76 79
14 -33 5 93
87 -47 98 -41
-12 77 99 94
-97 47 21 4
1 16 -9 90
