10
100
2
-90 65 67 100 23 -86 -11 -75 83 -37 68 -74 80 63 93 35 -85 6 -77 -72 11 -56 19 24 66 73 0 12 22 52 100 42 7 70 -95 -61 -9 -62 83 -39 12 49 -75 -75 54 46 11 51 -54 -51 -3 94 -94 10 37 -36 25 -84 95 82 -24 -70 -83 29 97 -43 33 -76 -34 87 11 89 21 -98 50 88 89 11 60 13 -6 98 5 29 62 -92 86 -3 85 7 0 -79 17 -86 -14 67 -98 55 -38 35
-98 -79 66 54 5 79 -97 -55 33 99 79 -64 31 -99 78 -76 86 90 -89 -69 32 -61 8 -8 -18 1 -53 -15 -58 67 51 -87 84 -32 -79 -31 95 -31 99 36 -48 -83 -49 -60 -12 -37 -88 -16 57 -45 43 55 31 74 -4 -84 -42 -92 75 52 74 14 73 89 31 -78 94 -62 -61 53 -25 -27 34 31 -96 -16 52 72 60 -89 5 98 75 -54 26 23 -80 -76 35 -4 2 -11 100 -30 -47 -7 82 2 38 -1
-59 -83 -81 -85 21 63 28 -2 -29 -97 92 -68 45 49 43 12 29 -16 -71 29 -29 79 -98 -48 54 -68 -99 57 2 -21 -47 -44 81 -36 30 42 57 3 62 -7 17 16 66 70 98 99 21 47 14 41 -5 68 4 -36 -71 44 -30 -15 -67 -43 -98 -6 -84 -100 -99 -65 -4 -45 -26 -22 76 3 73 -88 68 -46 69 90 -57 31 1 -59 84 -23 -25 -29 21 -45 -70 -93 -35 -75 75 -45 2 -26 -89 -77 -97 52
93 40 -6 35 57 30 92 100 -50 -71 -60 -18 -79 -78 -37 15 -25 47 60 -24 32 -47 -30 -37 -4 73 61 38 -35 -29 90 86 38 -98 55 60 -37 63 -26 82 -63 -93 -99 34 4 -98 -78 87 -45 -29 44 62 28 1 -59 85 42 63 83 13 -20 1 13 -3 81 -47 -22 9 -38 62 -70 -75 -89 98 -20 78 53 -52 -95 58 -93 67 35 33 -2 -8 -100 -45 33 -53 -72 -42 -91 -9 -48 81 -80 -42 4 -49
20 -60 55 -36 -2 73 -49 27 75 62 -71 20 28 37 38 29 62 98 -87 -40 33 -78 -80 -97 10 93 -47 -40 52 75 78 -10 5 45 -90 12 66 -85 81 11 -80 0 48 72 41 -81 -74 -7 83 27 -41 5 -20 23 13 -48 -4 94 -48 85 82 34 54 2 27 -87 95 -11 56 -95 -64 -14 62 -32 45 92 24 -99 29 -9 90 9 13 -14 93 18 -2 92 5 3 28 -74 0 -19 74 42 6 16 7 -47
50 -20 -54 86 -31 47 -96 -62 98 -16 -38 90 -42 -34 53 -26 -56 -55 59 70 -81 79 8 12 -8 26 14 -84 63 14 -81 -6 11 -73 48 18 -22 -15 -39 26 78 -36 -71 100 -35 -70 10 60 31 -15 29 81 -69 55 0 58 -93 -11 70 92 -52 79 -79 -43 -52 5 -69 -23 -80 39 -76 -70 23 32 65 40 92 22 28 62 -67 -55 6 38 98 -21 33 21 -2 13 -14 66 -20 -56 92 97 -66 16 -83 -24
92 11 41 -90 64 -64 -88 78 -46 -35 -8 -79 8 47 19 -48 -63 36 -18 -44 -9 21 1 75 87 23 10 -68 -45 26 57 -45 33 -27 2 40 58 8 33 -66 5 -46 -61 -40 49 -79 -89 72 18 4 98 -31 -85 64 58 96 48 11 -1 -42 -4 -86 -63 -48 65 37 -84 56 -46 -80 15 -57 -80 62 -69 -27 -76 76 -46 15 71 -99 -89 -69 49 97 81 -41 -33 45 -76 -76 -57 -86 42 68 -54 -63 -15 33
23 4 25 68 -21 48 -68 -10 36 -96 -8 32 -64 2 11 88 0 -58 -55 44 13 -33 14 -61 31 -83 -19 34 -50 -88 33 -16 82 44 -99 0 3 -85 -21 17 90 81 -28 -61 -95 54 -41 32 34 -91 16 -81 65 67 -86 63 -58 34 64 94 58 39 16 80 22 83 64 77 -81 27 -69 75 -75 -56 54 -97 30 -99 -38 -33 93 48 5 68 -61 97 -20 -21 2 68 -45 90 -60 -71 94 98 68 54 18 -12
-39 -13 41 11 94 68 -63 -91 78 40 55 30 -95 -77 -2 58 19 -41 -97 43 58 -6 85 -33 9 -26 -80 52 27 37 31 -43 53 -20 79 -42 64 -76 -50 4 27 -59 -99 -42 18 -94 2 63 -19 22 8 -59 -50 -31 -93 6 -22 -58 68 -32 -4 50 65 -46 -65 40 61 7 -81 77 -37 -78 13 -52 -10 64 -78 39 -89 70 -64 46 -12 -21 -20 -47 63 -56 -4 -86 16 22 -40 45 10 -11 71 -23 89 -79
-15 -45 13 -45 73 37 -37 55 -96 -88 4 -67 -78 42 44 -2 57 2 -40 34 -22 -9 51 69 -34 15 53 53 -39 -9 60 9 55 53 -77 83 54 13 52 -72 31 -55 5 -56 90 -97 11 -60 -85 -35 82 87 -36 -37 8 88 66 -16 -53 -52 -58 -45 69 -4 86 57 97 -78 -44 -51 11 -81 52 -58 -24 -9 -30 50 -11 -9 39 30 -10 71 -7 20 47 -78 -30 58 -62 46 -91 44 -84 -78 58 32 8 -88
